1 1,29 4,26 5,29 11,27 6,29 8,25 9,27 12,27 15,26 
2 7,28 14,29 6,26 11,29 12,25 14,25 15,29 
3 17,29 12,25 15,27 8,25 4,27 4,28 5,26 9,25 15,27 20,27 
4 1,26 3,27 12,29 3,28 14,29 18,29 19,28 11,26 10,28 15,26 16,26 
5 1,29 14,25 3,26 10,25 10,26 12,27 11,28 7,28 8,25 10,28 11,28 13,29 
6 6,28 1,29 13,27 2,26 9,25 18,28 17,25 9,28 10,26 11,28 13,28 14,26 14,29 
7 2,28 5,28 14,27 8,25 8,25 9,29 12,25 14,25 
8 3,25 8,25 8,25 12,27 15,27 13,25 5,25 7,25 1,25 11,29 7,25 10,27 13,27 13,28 16,25 
9 6,25 6,28 12,28 1,27 7,29 18,28 17,27 3,25 12,25 14,25 14,27 16,26 19,27 20,26 
10 5,25 5,26 6,26 8,27 10,29 10,29 5,28 13,25 16,25 4,28 13,26 19,26 
11 1,27 4,26 5,28 8,29 2,29 6,28 16,26 17,25 5,28 12,29 16,25 18,29 12,27 12,28 13,25 18,29 
12 3,25 4,29 5,27 8,27 9,28 11,29 11,27 7,25 11,28 12,26 12,26 14,28 1,27 9,25 2,25 15,27 13,27 
13 6,27 8,25 10,25 12,27 8,27 13,28 13,28 11,25 6,28 5,29 10,26 8,28 14,28 15,28 
14 2,29 4,29 5,25 7,27 12,28 13,28 17,29 16,28 6,26 9,25 9,27 7,25 6,29 2,25 15,28 16,27 16,26 
15 3,27 8,27 12,27 13,28 4,26 15,27 15,27 14,28 3,27 2,29 1,26 20,25 
16 10,25 11,26 11,25 14,28 8,25 9,26 16,28 16,28 4,26 14,27 17,28 14,26 17,26 20,25 
17 3,29 6,25 9,27 11,25 14,29 16,28 16,26 
18 4,29 6,28 9,28 11,29 11,29 
19 4,28 9,27 10,26 20,26 
20 19,26 3,27 15,25 16,25 9,26 
